image: map.pgm
resolution: 0.100000
origin: [-1146.499951, -389.199994, 0.0]
negate: 0
occupied_thresh: 0.65
free_thresh: 0.196

